{
 "cells": [
  {
   "cell_type": "code",
   "execution_count": 32,
   "metadata": {
    "ExecuteTime": {
     "end_time": "2020-11-02T06:55:19.084751Z",
     "start_time": "2020-11-02T06:55:18.991627Z"
    }
   },
   "outputs": [],
   "source": [
    "import pandas as pd\n",
    "import seaborn as sns\n",
    "import numpy as np\n",
    "import matplotlib.pyplot as plt\n",
    "from sklearn.datasets import load_boston\n",
    "import scipy.stats as t\n",
    "import statistics as st "
   ]
  },
  {
   "cell_type": "code",
   "execution_count": null,
   "metadata": {},
   "outputs": [],
   "source": [
    "# Applyone  sample t-test  on  the Bostonhouse-pricedatasets for  \n",
    "# hypothesis to check  average sell price of house is greater than 35."
   ]
  },
  {
   "cell_type": "code",
   "execution_count": 19,
   "metadata": {
    "ExecuteTime": {
     "end_time": "2020-11-02T06:32:55.852319Z",
     "start_time": "2020-11-02T06:32:55.831331Z"
    }
   },
   "outputs": [],
   "source": [
    "boston = load_boston()"
   ]
  },
  {
   "cell_type": "code",
   "execution_count": 21,
   "metadata": {
    "ExecuteTime": {
     "end_time": "2020-11-02T06:33:04.406170Z",
     "start_time": "2020-11-02T06:33:04.401172Z"
    }
   },
   "outputs": [],
   "source": [
    "df=pd.DataFrame(boston.data)"
   ]
  },
  {
   "cell_type": "code",
   "execution_count": 23,
   "metadata": {
    "ExecuteTime": {
     "end_time": "2020-11-02T06:33:36.556165Z",
     "start_time": "2020-11-02T06:33:36.551171Z"
    }
   },
   "outputs": [],
   "source": [
    "df.columns=boston.feature_names"
   ]
  },
  {
   "cell_type": "code",
   "execution_count": 25,
   "metadata": {
    "ExecuteTime": {
     "end_time": "2020-11-02T06:35:05.082563Z",
     "start_time": "2020-11-02T06:35:04.636184Z"
    },
    "scrolled": true
   },
   "outputs": [
    {
     "data": {
      "text/html": [
       "<div>\n",
       "<style scoped>\n",
       "    .dataframe tbody tr th:only-of-type {\n",
       "        vertical-align: middle;\n",
       "    }\n",
       "\n",
       "    .dataframe tbody tr th {\n",
       "        vertical-align: top;\n",
       "    }\n",
       "\n",
       "    .dataframe thead th {\n",
       "        text-align: right;\n",
       "    }\n",
       "</style>\n",
       "<table border=\"1\" class=\"dataframe\">\n",
       "  <thead>\n",
       "    <tr style=\"text-align: right;\">\n",
       "      <th></th>\n",
       "      <th>CRIM</th>\n",
       "      <th>ZN</th>\n",
       "      <th>INDUS</th>\n",
       "      <th>CHAS</th>\n",
       "      <th>NOX</th>\n",
       "      <th>RM</th>\n",
       "      <th>AGE</th>\n",
       "      <th>DIS</th>\n",
       "      <th>RAD</th>\n",
       "      <th>TAX</th>\n",
       "      <th>PTRATIO</th>\n",
       "      <th>B</th>\n",
       "      <th>LSTAT</th>\n",
       "      <th>Price</th>\n",
       "    </tr>\n",
       "  </thead>\n",
       "  <tbody>\n",
       "    <tr>\n",
       "      <th>0</th>\n",
       "      <td>0.00632</td>\n",
       "      <td>18.0</td>\n",
       "      <td>2.31</td>\n",
       "      <td>0.0</td>\n",
       "      <td>0.538</td>\n",
       "      <td>6.575</td>\n",
       "      <td>65.2</td>\n",
       "      <td>4.0900</td>\n",
       "      <td>1.0</td>\n",
       "      <td>296.0</td>\n",
       "      <td>15.3</td>\n",
       "      <td>396.90</td>\n",
       "      <td>4.98</td>\n",
       "      <td>24.0</td>\n",
       "    </tr>\n",
       "    <tr>\n",
       "      <th>1</th>\n",
       "      <td>0.02731</td>\n",
       "      <td>0.0</td>\n",
       "      <td>7.07</td>\n",
       "      <td>0.0</td>\n",
       "      <td>0.469</td>\n",
       "      <td>6.421</td>\n",
       "      <td>78.9</td>\n",
       "      <td>4.9671</td>\n",
       "      <td>2.0</td>\n",
       "      <td>242.0</td>\n",
       "      <td>17.8</td>\n",
       "      <td>396.90</td>\n",
       "      <td>9.14</td>\n",
       "      <td>21.6</td>\n",
       "    </tr>\n",
       "    <tr>\n",
       "      <th>2</th>\n",
       "      <td>0.02729</td>\n",
       "      <td>0.0</td>\n",
       "      <td>7.07</td>\n",
       "      <td>0.0</td>\n",
       "      <td>0.469</td>\n",
       "      <td>7.185</td>\n",
       "      <td>61.1</td>\n",
       "      <td>4.9671</td>\n",
       "      <td>2.0</td>\n",
       "      <td>242.0</td>\n",
       "      <td>17.8</td>\n",
       "      <td>392.83</td>\n",
       "      <td>4.03</td>\n",
       "      <td>34.7</td>\n",
       "    </tr>\n",
       "    <tr>\n",
       "      <th>3</th>\n",
       "      <td>0.03237</td>\n",
       "      <td>0.0</td>\n",
       "      <td>2.18</td>\n",
       "      <td>0.0</td>\n",
       "      <td>0.458</td>\n",
       "      <td>6.998</td>\n",
       "      <td>45.8</td>\n",
       "      <td>6.0622</td>\n",
       "      <td>3.0</td>\n",
       "      <td>222.0</td>\n",
       "      <td>18.7</td>\n",
       "      <td>394.63</td>\n",
       "      <td>2.94</td>\n",
       "      <td>33.4</td>\n",
       "    </tr>\n",
       "    <tr>\n",
       "      <th>4</th>\n",
       "      <td>0.06905</td>\n",
       "      <td>0.0</td>\n",
       "      <td>2.18</td>\n",
       "      <td>0.0</td>\n",
       "      <td>0.458</td>\n",
       "      <td>7.147</td>\n",
       "      <td>54.2</td>\n",
       "      <td>6.0622</td>\n",
       "      <td>3.0</td>\n",
       "      <td>222.0</td>\n",
       "      <td>18.7</td>\n",
       "      <td>396.90</td>\n",
       "      <td>5.33</td>\n",
       "      <td>36.2</td>\n",
       "    </tr>\n",
       "  </tbody>\n",
       "</table>\n",
       "</div>"
      ],
      "text/plain": [
       "      CRIM    ZN  INDUS  CHAS    NOX     RM   AGE     DIS  RAD    TAX  \\\n",
       "0  0.00632  18.0   2.31   0.0  0.538  6.575  65.2  4.0900  1.0  296.0   \n",
       "1  0.02731   0.0   7.07   0.0  0.469  6.421  78.9  4.9671  2.0  242.0   \n",
       "2  0.02729   0.0   7.07   0.0  0.469  7.185  61.1  4.9671  2.0  242.0   \n",
       "3  0.03237   0.0   2.18   0.0  0.458  6.998  45.8  6.0622  3.0  222.0   \n",
       "4  0.06905   0.0   2.18   0.0  0.458  7.147  54.2  6.0622  3.0  222.0   \n",
       "\n",
       "   PTRATIO       B  LSTAT  Price  \n",
       "0     15.3  396.90   4.98   24.0  \n",
       "1     17.8  396.90   9.14   21.6  \n",
       "2     17.8  392.83   4.03   34.7  \n",
       "3     18.7  394.63   2.94   33.4  \n",
       "4     18.7  396.90   5.33   36.2  "
      ]
     },
     "execution_count": 25,
     "metadata": {},
     "output_type": "execute_result"
    }
   ],
   "source": [
    "df['Price'] = boston.target \n",
    "df.head() "
   ]
  },
  {
   "cell_type": "code",
   "execution_count": 53,
   "metadata": {
    "ExecuteTime": {
     "end_time": "2020-11-02T07:47:19.319135Z",
     "start_time": "2020-11-02T07:47:19.311140Z"
    }
   },
   "outputs": [
    {
     "data": {
      "text/plain": [
       "22.532806324110698"
      ]
     },
     "execution_count": 53,
     "metadata": {},
     "output_type": "execute_result"
    }
   ],
   "source": [
    "df['Price'].mean()"
   ]
  },
  {
   "cell_type": "code",
   "execution_count": 52,
   "metadata": {
    "ExecuteTime": {
     "end_time": "2020-11-02T07:43:58.789197Z",
     "start_time": "2020-11-02T07:43:58.778205Z"
    }
   },
   "outputs": [
    {
     "name": "stdout",
     "output_type": "stream",
     "text": [
      "Null Hypothesis reject\n"
     ]
    }
   ],
   "source": [
    "# H0: prcie_mean > 35:\n",
    "# H1: price_mean <=35:\n",
    "t_score,p_value=t.ttest_1samp(df['Price'],35)\n",
    "if(p_value<0.05):\n",
    "    print(\"Null Hypothesis reject\")\n",
    "else:\n",
    "    print(\"Fail to reject Null Hypothesis\")"
   ]
  },
  {
   "cell_type": "code",
   "execution_count": 66,
   "metadata": {
    "ExecuteTime": {
     "end_time": "2020-11-02T08:07:48.405757Z",
     "start_time": "2020-11-02T08:07:48.320543Z"
    }
   },
   "outputs": [],
   "source": [
    "df=df[['CRIM','AGE','DIS','RM','TAX','Price']]"
   ]
  },
  {
   "cell_type": "code",
   "execution_count": 67,
   "metadata": {
    "ExecuteTime": {
     "end_time": "2020-11-02T08:07:49.038846Z",
     "start_time": "2020-11-02T08:07:49.009867Z"
    }
   },
   "outputs": [
    {
     "data": {
      "text/html": [
       "<div>\n",
       "<style scoped>\n",
       "    .dataframe tbody tr th:only-of-type {\n",
       "        vertical-align: middle;\n",
       "    }\n",
       "\n",
       "    .dataframe tbody tr th {\n",
       "        vertical-align: top;\n",
       "    }\n",
       "\n",
       "    .dataframe thead th {\n",
       "        text-align: right;\n",
       "    }\n",
       "</style>\n",
       "<table border=\"1\" class=\"dataframe\">\n",
       "  <thead>\n",
       "    <tr style=\"text-align: right;\">\n",
       "      <th></th>\n",
       "      <th>CRIM</th>\n",
       "      <th>AGE</th>\n",
       "      <th>DIS</th>\n",
       "      <th>RM</th>\n",
       "      <th>TAX</th>\n",
       "      <th>Price</th>\n",
       "    </tr>\n",
       "  </thead>\n",
       "  <tbody>\n",
       "    <tr>\n",
       "      <th>CRIM</th>\n",
       "      <td>73.986578</td>\n",
       "      <td>85.405322</td>\n",
       "      <td>-6.876722</td>\n",
       "      <td>-1.325038</td>\n",
       "      <td>844.821538</td>\n",
       "      <td>-30.718508</td>\n",
       "    </tr>\n",
       "    <tr>\n",
       "      <th>AGE</th>\n",
       "      <td>85.405322</td>\n",
       "      <td>792.358399</td>\n",
       "      <td>-44.329379</td>\n",
       "      <td>-4.751929</td>\n",
       "      <td>2402.690122</td>\n",
       "      <td>-97.589017</td>\n",
       "    </tr>\n",
       "    <tr>\n",
       "      <th>DIS</th>\n",
       "      <td>-6.876722</td>\n",
       "      <td>-44.329379</td>\n",
       "      <td>4.434015</td>\n",
       "      <td>0.303663</td>\n",
       "      <td>-189.664592</td>\n",
       "      <td>4.840229</td>\n",
       "    </tr>\n",
       "    <tr>\n",
       "      <th>RM</th>\n",
       "      <td>-1.325038</td>\n",
       "      <td>-4.751929</td>\n",
       "      <td>0.303663</td>\n",
       "      <td>0.493671</td>\n",
       "      <td>-34.583448</td>\n",
       "      <td>4.493446</td>\n",
       "    </tr>\n",
       "    <tr>\n",
       "      <th>TAX</th>\n",
       "      <td>844.821538</td>\n",
       "      <td>2402.690122</td>\n",
       "      <td>-189.664592</td>\n",
       "      <td>-34.583448</td>\n",
       "      <td>28404.759488</td>\n",
       "      <td>-726.255716</td>\n",
       "    </tr>\n",
       "    <tr>\n",
       "      <th>Price</th>\n",
       "      <td>-30.718508</td>\n",
       "      <td>-97.589017</td>\n",
       "      <td>4.840229</td>\n",
       "      <td>4.493446</td>\n",
       "      <td>-726.255716</td>\n",
       "      <td>84.586724</td>\n",
       "    </tr>\n",
       "  </tbody>\n",
       "</table>\n",
       "</div>"
      ],
      "text/plain": [
       "             CRIM          AGE         DIS         RM           TAX  \\\n",
       "CRIM    73.986578    85.405322   -6.876722  -1.325038    844.821538   \n",
       "AGE     85.405322   792.358399  -44.329379  -4.751929   2402.690122   \n",
       "DIS     -6.876722   -44.329379    4.434015   0.303663   -189.664592   \n",
       "RM      -1.325038    -4.751929    0.303663   0.493671    -34.583448   \n",
       "TAX    844.821538  2402.690122 -189.664592 -34.583448  28404.759488   \n",
       "Price  -30.718508   -97.589017    4.840229   4.493446   -726.255716   \n",
       "\n",
       "            Price  \n",
       "CRIM   -30.718508  \n",
       "AGE    -97.589017  \n",
       "DIS      4.840229  \n",
       "RM       4.493446  \n",
       "TAX   -726.255716  \n",
       "Price   84.586724  "
      ]
     },
     "execution_count": 67,
     "metadata": {},
     "output_type": "execute_result"
    }
   ],
   "source": [
    "df.cov()\n"
   ]
  },
  {
   "cell_type": "code",
   "execution_count": 68,
   "metadata": {
    "ExecuteTime": {
     "end_time": "2020-11-02T08:07:55.982211Z",
     "start_time": "2020-11-02T08:07:55.954228Z"
    }
   },
   "outputs": [
    {
     "data": {
      "text/html": [
       "<div>\n",
       "<style scoped>\n",
       "    .dataframe tbody tr th:only-of-type {\n",
       "        vertical-align: middle;\n",
       "    }\n",
       "\n",
       "    .dataframe tbody tr th {\n",
       "        vertical-align: top;\n",
       "    }\n",
       "\n",
       "    .dataframe thead th {\n",
       "        text-align: right;\n",
       "    }\n",
       "</style>\n",
       "<table border=\"1\" class=\"dataframe\">\n",
       "  <thead>\n",
       "    <tr style=\"text-align: right;\">\n",
       "      <th></th>\n",
       "      <th>CRIM</th>\n",
       "      <th>AGE</th>\n",
       "      <th>DIS</th>\n",
       "      <th>RM</th>\n",
       "      <th>TAX</th>\n",
       "      <th>Price</th>\n",
       "    </tr>\n",
       "  </thead>\n",
       "  <tbody>\n",
       "    <tr>\n",
       "      <th>CRIM</th>\n",
       "      <td>1.000000</td>\n",
       "      <td>0.352734</td>\n",
       "      <td>-0.379670</td>\n",
       "      <td>-0.219247</td>\n",
       "      <td>0.582764</td>\n",
       "      <td>-0.388305</td>\n",
       "    </tr>\n",
       "    <tr>\n",
       "      <th>AGE</th>\n",
       "      <td>0.352734</td>\n",
       "      <td>1.000000</td>\n",
       "      <td>-0.747881</td>\n",
       "      <td>-0.240265</td>\n",
       "      <td>0.506456</td>\n",
       "      <td>-0.376955</td>\n",
       "    </tr>\n",
       "    <tr>\n",
       "      <th>DIS</th>\n",
       "      <td>-0.379670</td>\n",
       "      <td>-0.747881</td>\n",
       "      <td>1.000000</td>\n",
       "      <td>0.205246</td>\n",
       "      <td>-0.534432</td>\n",
       "      <td>0.249929</td>\n",
       "    </tr>\n",
       "    <tr>\n",
       "      <th>RM</th>\n",
       "      <td>-0.219247</td>\n",
       "      <td>-0.240265</td>\n",
       "      <td>0.205246</td>\n",
       "      <td>1.000000</td>\n",
       "      <td>-0.292048</td>\n",
       "      <td>0.695360</td>\n",
       "    </tr>\n",
       "    <tr>\n",
       "      <th>TAX</th>\n",
       "      <td>0.582764</td>\n",
       "      <td>0.506456</td>\n",
       "      <td>-0.534432</td>\n",
       "      <td>-0.292048</td>\n",
       "      <td>1.000000</td>\n",
       "      <td>-0.468536</td>\n",
       "    </tr>\n",
       "    <tr>\n",
       "      <th>Price</th>\n",
       "      <td>-0.388305</td>\n",
       "      <td>-0.376955</td>\n",
       "      <td>0.249929</td>\n",
       "      <td>0.695360</td>\n",
       "      <td>-0.468536</td>\n",
       "      <td>1.000000</td>\n",
       "    </tr>\n",
       "  </tbody>\n",
       "</table>\n",
       "</div>"
      ],
      "text/plain": [
       "           CRIM       AGE       DIS        RM       TAX     Price\n",
       "CRIM   1.000000  0.352734 -0.379670 -0.219247  0.582764 -0.388305\n",
       "AGE    0.352734  1.000000 -0.747881 -0.240265  0.506456 -0.376955\n",
       "DIS   -0.379670 -0.747881  1.000000  0.205246 -0.534432  0.249929\n",
       "RM    -0.219247 -0.240265  0.205246  1.000000 -0.292048  0.695360\n",
       "TAX    0.582764  0.506456 -0.534432 -0.292048  1.000000 -0.468536\n",
       "Price -0.388305 -0.376955  0.249929  0.695360 -0.468536  1.000000"
      ]
     },
     "execution_count": 68,
     "metadata": {},
     "output_type": "execute_result"
    }
   ],
   "source": [
    "df.corr()"
   ]
  },
  {
   "cell_type": "code",
   "execution_count": 69,
   "metadata": {
    "ExecuteTime": {
     "end_time": "2020-11-02T08:49:11.267829Z",
     "start_time": "2020-11-02T08:49:11.184879Z"
    }
   },
   "outputs": [
    {
     "data": {
      "text/html": [
       "<div>\n",
       "<style scoped>\n",
       "    .dataframe tbody tr th:only-of-type {\n",
       "        vertical-align: middle;\n",
       "    }\n",
       "\n",
       "    .dataframe tbody tr th {\n",
       "        vertical-align: top;\n",
       "    }\n",
       "\n",
       "    .dataframe thead th {\n",
       "        text-align: right;\n",
       "    }\n",
       "</style>\n",
       "<table border=\"1\" class=\"dataframe\">\n",
       "  <thead>\n",
       "    <tr style=\"text-align: right;\">\n",
       "      <th></th>\n",
       "      <th>CRIM</th>\n",
       "      <th>AGE</th>\n",
       "      <th>DIS</th>\n",
       "      <th>RM</th>\n",
       "      <th>TAX</th>\n",
       "      <th>Price</th>\n",
       "    </tr>\n",
       "  </thead>\n",
       "  <tbody>\n",
       "    <tr>\n",
       "      <th>count</th>\n",
       "      <td>506.000000</td>\n",
       "      <td>506.000000</td>\n",
       "      <td>506.000000</td>\n",
       "      <td>506.000000</td>\n",
       "      <td>506.000000</td>\n",
       "      <td>506.000000</td>\n",
       "    </tr>\n",
       "    <tr>\n",
       "      <th>mean</th>\n",
       "      <td>3.613524</td>\n",
       "      <td>68.574901</td>\n",
       "      <td>3.795043</td>\n",
       "      <td>6.284634</td>\n",
       "      <td>408.237154</td>\n",
       "      <td>22.532806</td>\n",
       "    </tr>\n",
       "    <tr>\n",
       "      <th>std</th>\n",
       "      <td>8.601545</td>\n",
       "      <td>28.148861</td>\n",
       "      <td>2.105710</td>\n",
       "      <td>0.702617</td>\n",
       "      <td>168.537116</td>\n",
       "      <td>9.197104</td>\n",
       "    </tr>\n",
       "    <tr>\n",
       "      <th>min</th>\n",
       "      <td>0.006320</td>\n",
       "      <td>2.900000</td>\n",
       "      <td>1.129600</td>\n",
       "      <td>3.561000</td>\n",
       "      <td>187.000000</td>\n",
       "      <td>5.000000</td>\n",
       "    </tr>\n",
       "    <tr>\n",
       "      <th>25%</th>\n",
       "      <td>0.082045</td>\n",
       "      <td>45.025000</td>\n",
       "      <td>2.100175</td>\n",
       "      <td>5.885500</td>\n",
       "      <td>279.000000</td>\n",
       "      <td>17.025000</td>\n",
       "    </tr>\n",
       "    <tr>\n",
       "      <th>50%</th>\n",
       "      <td>0.256510</td>\n",
       "      <td>77.500000</td>\n",
       "      <td>3.207450</td>\n",
       "      <td>6.208500</td>\n",
       "      <td>330.000000</td>\n",
       "      <td>21.200000</td>\n",
       "    </tr>\n",
       "    <tr>\n",
       "      <th>75%</th>\n",
       "      <td>3.677083</td>\n",
       "      <td>94.075000</td>\n",
       "      <td>5.188425</td>\n",
       "      <td>6.623500</td>\n",
       "      <td>666.000000</td>\n",
       "      <td>25.000000</td>\n",
       "    </tr>\n",
       "    <tr>\n",
       "      <th>max</th>\n",
       "      <td>88.976200</td>\n",
       "      <td>100.000000</td>\n",
       "      <td>12.126500</td>\n",
       "      <td>8.780000</td>\n",
       "      <td>711.000000</td>\n",
       "      <td>50.000000</td>\n",
       "    </tr>\n",
       "  </tbody>\n",
       "</table>\n",
       "</div>"
      ],
      "text/plain": [
       "             CRIM         AGE         DIS          RM         TAX       Price\n",
       "count  506.000000  506.000000  506.000000  506.000000  506.000000  506.000000\n",
       "mean     3.613524   68.574901    3.795043    6.284634  408.237154   22.532806\n",
       "std      8.601545   28.148861    2.105710    0.702617  168.537116    9.197104\n",
       "min      0.006320    2.900000    1.129600    3.561000  187.000000    5.000000\n",
       "25%      0.082045   45.025000    2.100175    5.885500  279.000000   17.025000\n",
       "50%      0.256510   77.500000    3.207450    6.208500  330.000000   21.200000\n",
       "75%      3.677083   94.075000    5.188425    6.623500  666.000000   25.000000\n",
       "max     88.976200  100.000000   12.126500    8.780000  711.000000   50.000000"
      ]
     },
     "execution_count": 69,
     "metadata": {},
     "output_type": "execute_result"
    }
   ],
   "source": [
    "# perform descriptive statisticsummary for numerical features of Bostonhouse-pricedatasets.\n",
    "df.describe()"
   ]
  },
  {
   "cell_type": "code",
   "execution_count": 70,
   "metadata": {
    "ExecuteTime": {
     "end_time": "2020-11-02T08:54:14.893318Z",
     "start_time": "2020-11-02T08:54:14.784380Z"
    }
   },
   "outputs": [
    {
     "data": {
      "text/plain": [
       "1.1080984082549072"
      ]
     },
     "execution_count": 70,
     "metadata": {},
     "output_type": "execute_result"
    }
   ],
   "source": [
    "df['Price'].skew()"
   ]
  },
  {
   "cell_type": "code",
   "execution_count": null,
   "metadata": {},
   "outputs": [],
   "source": []
  }
 ],
 "metadata": {
  "kernelspec": {
   "display_name": "Python 3",
   "language": "python",
   "name": "python3"
  },
  "language_info": {
   "codemirror_mode": {
    "name": "ipython",
    "version": 3
   },
   "file_extension": ".py",
   "mimetype": "text/x-python",
   "name": "python",
   "nbconvert_exporter": "python",
   "pygments_lexer": "ipython3",
   "version": "3.7.6"
  },
  "toc": {
   "base_numbering": 1,
   "nav_menu": {},
   "number_sections": true,
   "sideBar": true,
   "skip_h1_title": false,
   "title_cell": "Table of Contents",
   "title_sidebar": "Contents",
   "toc_cell": false,
   "toc_position": {},
   "toc_section_display": true,
   "toc_window_display": false
  }
 },
 "nbformat": 4,
 "nbformat_minor": 4
}
